  2  12   1    0.000  -23.383  -13.500   45.500
  2  12   2   -0.087  -23.402  -11.411   45.500
  2  12   3   -0.175  -23.235   -9.235   45.500
  2  12   4   -0.262  -22.875   -6.988   45.500
  2  12   5   -0.349  -22.316   -4.689   45.500
  2  12   6   -0.436  -21.555   -2.353   45.500
  2  12   7   -0.524  -20.590    0.000   45.500
  2  12   8   -0.611  -19.419    2.353   45.500
  2  12   9   -0.698  -18.043    4.689   45.500
  2  12  10   -0.785  -16.465    6.988   45.500
  2  12  11   -0.873  -14.688    9.235   45.500
  2  12  12   -0.960  -12.718   11.411   45.500
  2  12  13   -1.047  -10.562   13.500   45.500
  2  12  14   -1.134   -8.228   15.487   45.500
  2  12  15   -1.222   -5.726   17.355   45.500
  2  12  16   -1.309   -3.066   19.092   45.500
  2  12  17   -1.396   -0.261   20.683   45.500
  2  12  18   -1.484    2.676   22.117   45.500
  2  12  19   -1.571    5.731   23.383   45.500
  2  12  20   -1.658    8.888   24.470   45.500
  2  12  21   -1.745   12.133   25.372   45.500
  2  12  22   -1.833   15.448   26.080   45.500
  2  12  23   -1.920   18.816   26.590   45.500
  2  12  24   -2.007   22.219   26.897   45.500
  2  12  25   -2.094   25.641   27.000   45.500
  2  12  26   -2.182   29.063   26.897   45.500
  2  12  27   -2.269   32.466   26.590   45.500
  2  12  28   -2.356   35.834   26.080   45.500
  2  12  29   -2.443   39.149   25.372   45.500
  2  12  30   -2.531   42.394   24.470   45.500
  2  12  31   -2.618   45.551   23.383   45.500
  2  12  32   -2.705   48.606   22.117   45.500
  2  12  33   -2.793   51.543   20.683   45.500
  2  12  34   -2.880   54.348   19.092   45.500
  2  12  35   -2.967   57.008   17.355   45.500
  2  12  36   -3.054   59.510   15.487   45.500
  2  12  37   -3.142   61.844   13.500   45.500
  2  12  38   -3.229   64.000   11.411   45.500
  2  12  39   -3.316   65.970    9.235   45.500
  2  12  40   -3.403   67.747    6.988   45.500
  2  12  41   -3.491   69.325    4.689   45.500
  2  12  42   -3.578   70.701    2.353   45.500
  2  12  43   -3.665   71.872    0.000   45.500
  2  12  44   -3.752   72.837   -2.353   45.500
  2  12  45   -3.840   73.598   -4.689   45.500
  2  12  46   -3.927   74.157   -6.988   45.500
  2  12  47   -4.014   74.517   -9.235   45.500
  2  12  48   -4.102   74.684  -11.411   45.500
  2  12  49   -4.189   74.665  -13.500   45.500
  2  12  50   -4.276   74.468  -15.487   45.500
  2  12  51   -4.363   74.102  -17.355   45.500
  2  12  52   -4.451   73.579  -19.092   45.500
  2  12  53   -4.538   72.911  -20.683   45.500
  2  12  54   -4.625   72.110  -22.117   45.500
  2  12  55   -4.712   71.192  -23.383   45.500
  2  12  56   -4.800   70.171  -24.470   45.500
  2  12  57   -4.887   69.064  -25.372   45.500
  2  12  58   -4.974   67.886  -26.080   45.500
  2  12  59   -5.061   66.654  -26.590   45.500
  2  12  60   -5.149   65.387  -26.897   45.500
  2  12  61   -5.236   64.103  -27.000   45.500
  2  12  62   -5.323   62.818  -26.897   45.500
  2  12  63   -5.411   61.551  -26.590   45.500
  2  12  64   -5.498   60.320  -26.080   45.500
  2  12  65   -5.585   59.142  -25.372   45.500
  2  12  66   -5.672   58.034  -24.470   45.500
  2  12  67   -5.760   57.013  -23.383   45.500
  2  12  68   -5.847   56.095  -22.117   45.500
  2  12  69   -5.934   55.294  -20.683   45.500
  2  12  70   -6.021   54.626  -19.092   45.500
  2  12  71   -6.109   54.103  -17.355   45.500
  2  12  72   -6.196   53.738  -15.487   45.500
  2  12  73   -6.283   53.540  -13.500   45.500
  2  12  74   -6.370   53.521  -11.411   45.500
  2  12  75   -6.458   53.688   -9.235   45.500
  2  12  76   -6.545   54.048   -6.988   45.500
  2  12  77   -6.632   54.607   -4.689   45.500
  2  12  78   -6.720   55.368   -2.353   45.500
  2  12  79   -6.807   56.333   -0.000   45.500
  2  12  80   -6.894   57.504    2.353   45.500
  2  12  81   -6.981   58.880    4.689   45.500
  2  12  82   -7.069   60.458    6.988   45.500
  2  12  83   -7.156   62.235    9.235   45.500
  2  12  84   -7.243   64.205   11.411   45.500
  2  12  85   -7.330   66.361   13.500   45.500
  2  12  86   -7.418   68.695   15.487   45.500
  2  12  87   -7.505   71.197   17.355   45.500
  2  12  88   -7.592   73.857   19.092   45.500
  2  12  89   -7.679   76.662   20.683   45.500
  2  12  90   -7.767   79.599   22.117   45.500
  2  12  91   -7.854   82.654   23.383   45.500
  2  12  92   -7.941   85.812   24.470   45.500
  2  12  93   -8.029   89.056   25.372   45.500
  2  12  94   -8.116   92.371   26.080   45.500
  2  12  95   -8.203   95.739   26.590   45.500
  2  12  96   -8.290   99.143   26.897   45.500
  2  12  97   -8.378  102.564   27.000   45.500
  2  12  98   -8.465  105.986   26.897   45.500
  2  12  99   -8.552  109.389   26.590   45.500
  2  12 100   -8.639  112.757   26.080   45.500
  2  12 101   -8.727  116.072   25.372   45.500
  2  12 102   -8.814  119.317   24.470   45.500
  2  12 103   -8.901  122.474   23.383   45.500
  2  12 104   -8.988  125.529   22.117   45.500
  2  12 105   -9.076  128.466   20.683   45.500
  2  12 106   -9.163  131.271   19.092   45.500
  2  12 107   -9.250  133.931   17.355   45.500
  2  12 108   -9.338  136.433   15.487   45.500
  2  12 109   -9.425  138.767   13.500   45.500
  2  12 110   -9.512  140.923   11.411   45.500
  2  12 111   -9.599  142.893    9.235   45.500
  2  12 112   -9.687  144.670    6.988   45.500
  2  12 113   -9.774  146.248    4.689   45.500
  2  12 114   -9.861  147.624    2.353   45.500
  2  12 115   -9.948  148.795    0.000   45.500
  2  12 116  -10.036  149.761   -2.353   45.500
  2  12 117  -10.123  150.521   -4.689   45.500
  2  12 118  -10.210  151.080   -6.988   45.500
  2  12 119  -10.297  151.440   -9.235   45.500
  2  12 120  -10.385  151.607  -11.411   45.500
  2  12 121  -10.472  151.588  -13.500   45.500
  2  12 122  -10.559  151.391  -15.487   45.500
  2  12 123  -10.647  151.025  -17.355   45.500
  2  12 124  -10.734  150.502  -19.092   45.500
  2  12 125  -10.821  149.834  -20.683   45.500
  2  12 126  -10.908  149.034  -22.117   45.500
  2  12 127  -10.996  148.115  -23.383   45.500
  2  12 128  -11.083  147.094  -24.470   45.500
  2  12 129  -11.170  145.987  -25.372   45.500
  2  12 130  -11.257  144.809  -26.080   45.500
  2  12 131  -11.345  143.577  -26.590   45.500
  2  12 132  -11.432  142.310  -26.897   45.500
  2  12 133  -11.519  141.026  -27.000   45.500
  2  12 134  -11.606  139.741  -26.897   45.500
  2  12 135  -11.694  138.474  -26.590   45.500
  2  12 136  -11.781  137.243  -26.080   45.500
  2  12 137  -11.868  136.065  -25.372   45.500
  2  12 138  -11.956  134.957  -24.470   45.500
  2  12 139  -12.043  133.936  -23.383   45.500
  2  12 140  -12.130  133.018  -22.117   45.500
  2  12 141  -12.217  132.217  -20.683   45.500
  2  12 142  -12.305  131.549  -19.092   45.500
  2  12 143  -12.392  131.026  -17.355   45.500
  2  12 144  -12.479  130.661  -15.487   45.500
  2  12 145  -12.566  130.463  -13.500   45.500
  2  12 146  -12.654  130.444  -11.411   45.500
  2  12 147  -12.741  130.611   -9.235   45.500
  2  12 148  -12.828  130.971   -6.988   45.500
  2  12 149  -12.915  131.530   -4.689   45.500
  2  12 150  -13.003  132.291   -2.353   45.500
  2  12 151  -13.090  133.256   -0.000   45.500
  2  12 152  -13.177  134.428    2.353   45.500
  2  12 153  -13.265  135.803    4.689   45.500
  2  12 154  -13.352  137.382    6.988   45.500
  2  12 155  -13.439  139.158    9.235   45.500
  2  12 156  -13.526  141.128   11.411   45.500
  2  12 157  -13.614  143.284   13.500   45.500
  2  12 158  -13.701  145.618   15.487   45.500
  2  12 159  -13.788  148.120   17.355   45.500
  2  12 160  -13.875  150.780   19.092   45.500
  2  12 161  -13.963  153.585   20.683   45.500
  2  12 162  -14.050  156.522   22.117   45.500
  2  12 163  -14.137  159.577   23.383   45.500
  2  12 164  -14.224  162.735   24.470   45.500
  2  12 165  -14.312  165.979   25.372   45.500
  2  12 166  -14.399  169.294   26.080   45.500
  2  12 167  -14.486  172.662   26.590   45.500
  2  12 168  -14.573  176.066   26.897   45.500
  2  12 169  -14.661  179.487   27.000   45.500
  2  12 170  -14.748  182.909   26.897   45.500
  2  12 171  -14.835  186.312   26.590   45.500
  2  12 172  -14.923  189.680   26.080   45.500
  2  12 173  -15.010  192.995   25.372   45.500
  2  12 174  -15.097  196.240   24.470   45.500
  2  12 175  -15.184  199.397   23.383   45.500
  2  12 176  -15.272  202.452   22.117   45.500
  2  12 177  -15.359  205.389   20.683   45.500
  2  12 178  -15.446  208.194   19.092   45.500
  2  12 179  -15.533  210.854   17.355   45.500
  2  12 180  -15.621  213.356   15.487   45.500
  2  12 181  -15.708  215.690   13.500   45.500
  2  12 182  -15.795  217.846   11.411   45.500
  2  12 183  -15.882  219.816    9.235   45.500
  2  12 184  -15.970  221.593    6.988   45.500
  2  12 185  -16.057  223.171    4.689   45.500
  2  12 186  -16.144  224.547    2.353   45.500
  2  12 187  -16.232  225.718    0.000   45.500
  2  12 188  -16.319  226.684   -2.353   45.500
  2  12 189  -16.406  227.445   -4.689   45.500
  2  12 190  -16.493  228.003   -6.988   45.500
  2  12 191  -16.581  228.363   -9.235   45.500
  2  12 192  -16.668  228.530  -11.411   45.500
  2  12 193  -16.755  228.511  -13.500   45.500
  2  12 194  -16.842  228.314  -15.487   45.500
  2  12 195  -16.930  227.948  -17.355   45.500
  2  12 196  -17.017  227.425  -19.092   45.500
  2  12 197  -17.104  226.757  -20.683   45.500
  2  12 198  -17.191  225.957  -22.117   45.500
  2  12 199  -17.279  225.038  -23.383   45.500
  2  12 200  -17.366  224.018  -24.470   45.500
  2  12 201  -17.453  222.910  -25.372   45.500
  2  12 202  -17.541  221.732  -26.080   45.500
  2  12 203  -17.628  220.500  -26.590   45.500
  2  12 204  -17.715  219.234  -26.897   45.500
  2  12 205  -17.802  217.949  -27.000   45.500
  2  12 206  -17.890  216.664  -26.897   45.500
  2  12 207  -17.977  215.397  -26.590   45.500
  2  12 208  -18.064  214.166  -26.080   45.500
  2  12 209  -18.151  212.988  -25.372   45.500
  2  12 210  -18.239  211.880  -24.470   45.500
  2  12 211  -18.326  210.859  -23.383   45.500
  2  12 212  -18.413  209.941  -22.117   45.500
  2  12 213  -18.500  209.140  -20.683   45.500
  2  12 214  -18.588  208.472  -19.092   45.500
  2  12 215  -18.675  207.949  -17.355   45.500
  2  12 216  -18.762  207.584  -15.487   45.500
  2  12 217  -18.850  207.387  -13.500   45.500
  2  12 218  -18.937  207.367  -11.411   45.500
  2  12 219  -19.024  207.534   -9.235   45.500
  2  12 220  -19.111  207.894   -6.988   45.500
  2  12 221  -19.199  208.453   -4.689   45.500
  2  12 222  -19.286  209.214   -2.353   45.500
  2  12 223  -19.373  210.179   -0.000   45.500
  2  12 224  -19.460  211.351    2.353   45.500
  2  12 225  -19.548  212.726    4.689   45.500
  2  12 226  -19.635  214.305    6.988   45.500
  2  12 227  -19.722  216.081    9.235   45.500
  2  12 228  -19.809  218.051   11.411   45.500
  2  12 229  -19.897  220.207   13.500   45.500
  2  12 230  -19.984  222.541   15.487   45.500
  2  12 231  -20.071  225.043   17.355   45.500
  2  12 232  -20.159  227.703   19.092   45.500
  2  12 233  -20.246  230.508   20.683   45.500
  2  12 234  -20.333  233.445   22.117   45.500
  2  12 235  -20.420  236.500   23.383   45.500
  2  12 236  -20.508  239.658   24.470   45.500
  2  12 237  -20.595  242.902   25.372   45.500
  2  12 238  -20.682  246.217   26.080   45.500
  2  12 239  -20.769  249.585   26.590   45.500
  2  12 240  -20.857  252.989   26.897   45.500
  2  12 241  -20.944  256.410   27.000   45.500
  2  12 242  -21.031  259.832   26.897   45.500
  2  12 243  -21.118  263.236   26.590   45.500
  2  12 244  -21.206  266.603   26.080   45.500
  2  12 245  -21.293  269.918   25.372   45.500
  2  12 246  -21.380  273.163   24.470   45.500
  2  12 247  -21.468  276.321   23.383   45.500
  2  12 248  -21.555  279.375   22.117   45.500
  2  12 249  -21.642  282.313   20.683   45.500
  2  12 250  -21.729  285.118   19.092   45.500
  2  12 251  -21.817  287.777   17.355   45.500
  2  12 252  -21.904  290.279   15.487   45.500
  2  12 253  -21.991  292.613   13.500   45.500
  2  12 254  -22.078  294.769   11.411   45.500
  2  12 255  -22.166  296.739    9.235   45.500
  2  12 256  -22.253  298.516    6.988   45.500
  2  12 257  -22.340  300.094    4.689   45.500
  2  12 258  -22.427  301.470    2.353   45.500
  2  12 259  -22.515  302.641    0.000   45.500
  2  12 260  -22.602  303.607   -2.353   45.500
  2  12 261  -22.689  304.368   -4.689   45.500
  2  12 262  -22.777  304.926   -6.988   45.500
  2  12 263  -22.864  305.286   -9.235   45.500
  2  12 264  -22.951  305.453  -11.411   45.500
  2  12 265  -23.038  305.434  -13.500   45.500
  2  12 266  -23.126  305.237  -15.487   45.500
  2  12 267  -23.213  304.871  -17.355   45.500
  2  12 268  -23.300  304.348  -19.092   45.500
  2  12 269  -23.387  303.680  -20.683   45.500
  2  12 270  -23.475  302.880  -22.117   45.500
  2  12 271  -23.562  301.962  -23.383   45.500
  2  12 272  -23.649  300.941  -24.470   45.500
  2  12 273  -23.736  299.833  -25.372   45.500
  2  12 274  -23.824  298.655  -26.080   45.500
  2  12 275  -23.911  297.424  -26.590   45.500
  2  12 276  -23.998  296.157  -26.897   45.500
  2  12 277  -24.086  294.872  -27.000   45.500
  2  12 278  -24.173  293.587  -26.897   45.500
  2  12 279  -24.260  292.320  -26.590   45.500
  2  12 280  -24.347  291.089  -26.080   45.500
  2  12 281  -24.435  289.911  -25.372   45.500
  2  12 282  -24.522  288.803  -24.470   45.500
  2  12 283  -24.609  287.782  -23.383   45.500
  2  12 284  -24.696  286.864  -22.117   45.500
  2  12 285  -24.784  286.064  -20.683   45.500
  2  12 286  -24.871  285.395  -19.092   45.500
  2  12 287  -24.958  284.872  -17.355   45.500
  2  12 288  -25.045  284.507  -15.487   45.500
  2  12 289  -25.133  284.310  -13.500   45.500
  2  12 290  -25.220  284.290  -11.411   45.500
  2  12 291  -25.307  284.457   -9.235   45.500
  2  12 292  -25.395  284.817   -6.988   45.500
  2  12 293  -25.482  285.376   -4.689   45.500
  2  12 294  -25.569  286.137   -2.353   45.500
  2  12 295  -25.656  287.103   -0.000   45.500
  2  12 296  -25.744  288.274    2.353   45.500
  2  12 297  -25.831  289.650    4.689   45.500
  2  12 298  -25.918  291.228    6.988   45.500
  2  12 299  -26.005  293.004    9.235   45.500
  2  12 300  -26.093  294.974   11.411   45.500
  2  12 301  -26.180  297.130   13.500   45.500
  2  12 302  -26.267  299.464   15.487   45.500
  2  12 303  -26.354  301.966   17.355   45.500
  2  12 304  -26.442  304.626   19.092   45.500
  2  12 305  -26.529  307.431   20.683   45.500
  2  12 306  -26.616  310.368   22.117   45.500
  2  12 307  -26.704  313.423   23.383   45.500
  2  12 308  -26.791  316.581   24.470   45.500
  2  12 309  -26.878  319.825   25.372   45.500
  2  12 310  -26.965  323.140   26.080   45.500
  2  12 311  -27.053  326.508   26.590   45.500
  2  12 312  -27.140  329.912   26.897   45.500
  2  12 313  -27.227  333.333   27.000   45.500
  2  12 314  -27.314  336.755   26.897   45.500
  2  12 315  -27.402  340.159   26.590   45.500
  2  12 316  -27.489  343.527   26.080   45.500
  2  12 317  -27.576  346.841   25.372   45.500
  2  12 318  -27.663  350.086   24.470   45.500
  2  12 319  -27.751  353.244   23.383   45.500
  2  12 320  -27.838  356.299   22.117   45.500
  2  12 321  -27.925  359.236   20.683   45.500
  2  12 322  -28.013  362.041   19.092   45.500
  2  12 323  -28.100  364.700   17.355   45.500
  2  12 324  -28.187  367.203   15.487   45.500
  2  12 325  -28.274  369.537   13.500   45.500
  2  12 326  -28.362  371.693   11.411   45.500
  2  12 327  -28.449  373.662    9.235   45.500
  2  12 328  -28.536  375.439    6.988   45.500
  2  12 329  -28.623  377.017    4.689   45.500
  2  12 330  -28.711  378.393    2.353   45.500
  2  12 331  -28.798  379.564    0.000   45.500
  2  12 332  -28.885  380.530   -2.353   45.500
  2  12 333  -28.972  381.291   -4.689   45.500
  2  12 334  -29.060  381.849   -6.988   45.500
  2  12 335  -29.147  382.209   -9.235   45.500
  2  12 336  -29.234  382.376  -11.411   45.500
  2  12 337  -29.322  382.357  -13.500   45.500
  2  12 338  -29.409  382.160  -15.487   45.500
  2  12 339  -29.496  381.794  -17.355   45.500
  2  12 340  -29.583  381.271  -19.092   45.500
  2  12 341  -29.671  380.603  -20.683   45.500
  2  12 342  -29.758  379.803  -22.117   45.500
  2  12 343  -29.845  378.885  -23.383   45.500
  2  12 344  -29.932  377.864  -24.470   45.500
  2  12 345  -30.020  376.756  -25.372   45.500
  2  12 346  -30.107  375.578  -26.080   45.500
  2  12 347  -30.194  374.347  -26.590   45.500
  2  12 348  -30.281  373.080  -26.897   45.500
  2  12 349  -30.369  371.795  -27.000   45.500
  2  12 350  -30.456  370.510  -26.897   45.500
  2  12 351  -30.543  369.243  -26.590   45.500
  2  12 352  -30.631  368.012  -26.080   45.500
  2  12 353  -30.718  366.834  -25.372   45.500
  2  12 354  -30.805  365.726  -24.470   45.500
  2  12 355  -30.892  364.705  -23.383   45.500
  2  12 356  -30.980  363.787  -22.117   45.500
  2  12 357  -31.067  362.987  -20.683   45.500
  2  12 358  -31.154  362.318  -19.092   45.500
  2  12 359  -31.241  361.795  -17.355   45.500
  2  12 360  -31.329  361.430  -15.487   45.500
  2  12 361  -31.416  361.233  -13.500   45.500
